2.008714945986866951e-03,2.742972224950790405e-02
